-- repeated vertcies check: 
Epsilon threshold: 1e-08
repeated: 
1 (0.3, 0.3, 0)
38 (0.3, 0.3, 0)
repeated: 
2 (0.3, 4.495, 0)
545 (0.3, 4.495, -3.78664e-33)
repeated: 
3 (0.3, 4.495, 2.01)
549 (0.3, 4.495, 2.01)
repeated: 
4 (0.3, 5.505, 2.01)
560 (0.3, 5.505, 2.01)
repeated: 
5 (0.3, 5.505, 0)
559 (0.3, 5.505, 3.78664e-33)
repeated: 
6 (0.3, 9.7, 0)
89 (0.3, 9.7, 0)
repeated: 
7 (0.3, 9.7, 2.7)
90 (0.3, 9.7, 2.7)
353 (0.3, 9.7, 2.7)
362 (0.3, 9.7, 2.7)
repeated: 
8 (0.3, 0.3, 2.7)
39 (0.3, 0.3, 2.7)
194 (0.3, 0.3, 2.7)
361 (0.3, 0.3, 2.7)
repeated: 
17 (-2.22045e-16, 1.47911e-32, 0)
54 (0, 0, 0)
192 (0, 0, 0)
repeated: 
22 (9.86076e-32, 10, 0)
105 (0, 10, 0)
186 (0, 10, 0)
repeated: 
23 (9.86076e-32, 10, 2.7)
106 (0, 10, 2.7)
358 (0, 10, 2.7)
437 (9.86076e-32, 10, 2.7)
repeated: 
24 (-2.22045e-16, 1.47911e-32, 2.7)
55 (0, 0, 2.7)
197 (0, 0, 2.7)
438 (-2.22045e-16, 1.47911e-32, 2.7)
repeated: 
33 (11.7, 0.3, 0)
67 (11.7, 0.3, 0)
repeated: 
34 (7.005, 0.3, 0)
1047 (7.005, 0.3, -7.5358e-33)
repeated: 
35 (7.005, 0.3, 2.375)
1051 (7.005, 0.3, 2.375)
repeated: 
36 (4.995, 0.3, 2.375)
1062 (4.995, 0.3, 2.375)
repeated: 
37 (4.995, 0.3, 0)
1061 (4.995, 0.3, 7.5358e-33)
repeated: 
40 (11.7, 0.3, 2.7)
68 (11.7, 0.3, 2.7)
193 (11.7, 0.3, 2.7)
202 (11.7, 0.3, 2.7)
525 (11.7, 0.3, 2.7)
repeated: 
49 (12, 0, 0)
79 (12, 0, 0)
190 (12, 0, 0)
repeated: 
56 (12, 0, 2.7)
80 (12, 0, 2.7)
198 (12, 0, 2.7)
277 (12, 0, 2.7)
repeated: 
65 (11.7, 9.7, 0)
91 (11.7, 9.7, 0)
repeated: 
66 (11.7, 9.7, 2.7)
92 (11.7, 9.7, 2.7)
201 (11.7, 9.7, 2.7)
354 (11.7, 9.7, 2.7)
repeated: 
77 (12, 10, 0)
107 (12, 10, 0)
188 (12, 10, 0)
repeated: 
78 (12, 10, 2.7)
108 (12, 10, 2.7)
278 (12, 10, 2.7)
357 (12, 10, 2.7)
repeated: 
129 (7.41, 4.01, 0)
174 (7.41, 4.01, 0)
repeated: 
130 (7.41, 4.01, 2.5)
175 (7.41, 4.01, 2.5)
repeated: 
132 (11.7, 4.01, 2.5)
523 (11.7, 4.01, 2.5)
repeated: 
135 (7.65, 4.25, 0)
182 (7.65, 4.25, 0)
repeated: 
136 (7.65, 4.25, 2.5)
183 (7.65, 4.25, 2.5)
repeated: 
146 (1.6075, 5.75, 0)
2494 (1.6075, 5.75, 0)
repeated: 
147 (1.6075, 5.75, 2.01)
2493 (1.6075, 5.75, 2.01)
repeated: 
148 (2.4925, 5.75, 2.01)
2492 (2.4925, 5.75, 2.01)
repeated: 
149 (2.4925, 5.75, 0)
2489 (2.4925, 5.75, 0)
repeated: 
150 (5.2175, 5.75, 0)
2470 (5.2175, 5.75, 0)
repeated: 
151 (5.2175, 5.75, 2.01)
2469 (5.2175, 5.75, 2.01)
repeated: 
152 (6.1025, 5.75, 2.01)
2468 (6.1025, 5.75, 2.01)
repeated: 
153 (6.1025, 5.75, 0)
2465 (6.1025, 5.75, 0)
repeated: 
170 (7.41, 5.4425, 0)
2517 (7.41, 5.4425, -3.318e-33)
repeated: 
171 (7.41, 5.4425, 2.01)
2516 (7.41, 5.4425, 2.01)
repeated: 
172 (7.41, 4.5575, 2.01)
2515 (7.41, 4.5575, 2.01)
repeated: 
173 (7.41, 4.5575, 0)
2511 (7.41, 4.5575, 3.318e-33)
repeated: 
195 (0.3, 0.3, 3.37321)
363 (0.3, 0.3, 3.37321)
repeated: 
196 (11.7, 0.3, 3.37321)
205 (11.7, 0.3, 3.37321)
repeated: 
199 (0, 0, 3.2)
439 (-2.22045e-16, 1.47911e-32, 3.2)
repeated: 
200 (12, 0, 3.2)
280 (12, 0, 3.2)
repeated: 
203 (11.7, 9.7, 3.37321)
355 (11.7, 9.7, 3.37321)
repeated: 
279 (12, 10, 3.2)
359 (12, 10, 3.2)
repeated: 
356 (0.3, 9.7, 3.37321)
365 (0.3, 9.7, 3.37321)
repeated: 
360 (0, 10, 3.2)
440 (9.86076e-32, 10, 3.2)
repeated: 
529 (-0.5, 5, 6.08675)
537 (-0.5, 5, 6.08675)
repeated: 
530 (-0.5, 5, 6.31769)
538 (-0.5, 5, 6.31769)
repeated: 
531 (12.5, 5, 6.08675)
539 (12.5, 5, 6.08675)
repeated: 
532 (12.5, 5, 6.31769)
540 (12.5, 5, 6.31769)
repeated: 
546 (0.3, 4.515, -3.63668e-33)
577 (0.3, 4.515, -3.63668e-33)
repeated: 
547 (0.22, 4.495, -4.89843e-18)
561 (0.22, 4.495, -4.89843e-18)
repeated: 
550 (0.22, 4.495, 2.01)
565 (0.22, 4.495, 2.01)
repeated: 
551 (0.22, 5.505, 2.01)
576 (0.22, 5.505, 2.01)
repeated: 
552 (0.22, 5.505, -4.89843e-18)
575 (0.22, 5.505, -4.89843e-18)
repeated: 
554 (0.22, 5.485, 1.99)
615 (0.22, 5.485, 1.99)
repeated: 
555 (0.22, 4.515, 1.99)
614 (0.22, 4.515, 1.99)
repeated: 
558 (0.3, 5.485, 3.63668e-33)
578 (0.3, 5.485, 3.63668e-33)
repeated: 
564 (0.2, 4.545, -6.12303e-18)
603 (0.2, 4.545, -6.12303e-18)
repeated: 
569 (0.2, 5.455, -6.12303e-18)
604 (0.2, 5.455, -6.12303e-18)
repeated: 
579 (0.285, 4.515, -9.18455e-19)
585 (0.285, 4.515, -9.18455e-19)
repeated: 
580 (0.285, 5.485, -9.18455e-19)
586 (0.285, 5.485, -9.18455e-19)
repeated: 
582 (0.285, 4.515, 0.01)
589 (0.285, 4.515, 0.01)
repeated: 
583 (0.285, 5.485, 0.01)
592 (0.285, 5.485, 0.01)
repeated: 
595 (0.215, 4.545, -5.20458e-18)
601 (0.215, 4.545, -5.20458e-18)
repeated: 
596 (0.215, 5.455, -5.20458e-18)
602 (0.215, 5.455, -5.20458e-18)
repeated: 
598 (0.215, 4.545, 0.01)
605 (0.215, 4.545, 0.01)
repeated: 
599 (0.215, 5.455, 0.01)
608 (0.215, 5.455, 0.01)
repeated: 
606 (0.2, 4.545, 0.01)
619 (0.2, 4.545, 0.01)
repeated: 
607 (0.2, 5.455, 0.01)
617 (0.2, 5.455, 0.01)
repeated: 
1543 (0.17, 1.275, 1.02)
1552 (0.17, 1.275, 1.02)
repeated: 
1544 (0.17, 2.17, 1.02)
1554 (0.17, 2.17, 1.02)
repeated: 
1545 (0.17, 1.275, 2.08)
1562 (0.17, 1.275, 2.08)
repeated: 
1546 (0.17, 2.17, 2.08)
1561 (0.17, 2.17, 2.08)
repeated: 
1547 (0.17, 2.24, 1.02)
1592 (0.17, 2.24, 1.02)
repeated: 
1548 (0.17, 3.135, 1.02)
1594 (0.17, 3.135, 1.02)
repeated: 
1549 (0.17, 2.24, 2.08)
1602 (0.17, 2.24, 2.08)
repeated: 
1550 (0.17, 3.135, 2.08)
1601 (0.17, 3.135, 2.08)
repeated: 
1563 (0.17, 1.3, 1.045)
1573 (0.17, 1.3, 1.045)
repeated: 
1564 (0.17, 2.145, 1.045)
1575 (0.17, 2.145, 1.045)
repeated: 
1565 (0.17, 1.3, 2.055)
1574 (0.17, 1.3, 2.055)
repeated: 
1566 (0.17, 2.145, 2.055)
1576 (0.17, 2.145, 2.055)
repeated: 
1603 (0.17, 2.265, 1.045)
1613 (0.17, 2.265, 1.045)
repeated: 
1604 (0.17, 3.11, 1.045)
1615 (0.17, 3.11, 1.045)
repeated: 
1605 (0.17, 2.265, 2.055)
1614 (0.17, 2.265, 2.055)
repeated: 
1606 (0.17, 3.11, 2.055)
1616 (0.17, 3.11, 2.055)
repeated: 
1647 (3.72, 0.17, 1.02)
1656 (3.72, 0.17, 1.02)
repeated: 
1648 (2.825, 0.17, 1.02)
1658 (2.825, 0.17, 1.02)
repeated: 
1649 (3.72, 0.17, 2.08)
1666 (3.72, 0.17, 2.08)
repeated: 
1650 (2.825, 0.17, 2.08)
1665 (2.825, 0.17, 2.08)
repeated: 
1651 (2.755, 0.17, 1.02)
1696 (2.755, 0.17, 1.02)
repeated: 
1652 (1.86, 0.17, 1.02)
1698 (1.86, 0.17, 1.02)
repeated: 
1653 (2.755, 0.17, 2.08)
1706 (2.755, 0.17, 2.08)
repeated: 
1654 (1.86, 0.17, 2.08)
1705 (1.86, 0.17, 2.08)
repeated: 
1667 (3.695, 0.17, 1.045)
1677 (3.695, 0.17, 1.045)
repeated: 
1668 (2.85, 0.17, 1.045)
1679 (2.85, 0.17, 1.045)
repeated: 
1669 (3.695, 0.17, 2.055)
1678 (3.695, 0.17, 2.055)
repeated: 
1670 (2.85, 0.17, 2.055)
1680 (2.85, 0.17, 2.055)
repeated: 
1707 (2.73, 0.17, 1.045)
1717 (2.73, 0.17, 1.045)
repeated: 
1708 (1.885, 0.17, 1.045)
1719 (1.885, 0.17, 1.045)
repeated: 
1709 (2.73, 0.17, 2.055)
1718 (2.73, 0.17, 2.055)
repeated: 
1710 (1.885, 0.17, 2.055)
1720 (1.885, 0.17, 2.055)
repeated: 
1751 (10.14, 0.17, 0.87)
1760 (10.14, 0.17, 0.87)
repeated: 
1752 (9.245, 0.17, 0.87)
1762 (9.245, 0.17, 0.87)
repeated: 
1753 (10.14, 0.17, 1.93)
1770 (10.14, 0.17, 1.93)
repeated: 
1754 (9.245, 0.17, 1.93)
1769 (9.245, 0.17, 1.93)
repeated: 
1755 (9.175, 0.17, 0.87)
1800 (9.175, 0.17, 0.87)
repeated: 
1756 (8.28, 0.17, 0.87)
1802 (8.28, 0.17, 0.87)
repeated: 
1757 (9.175, 0.17, 1.93)
1810 (9.175, 0.17, 1.93)
repeated: 
1758 (8.28, 0.17, 1.93)
1809 (8.28, 0.17, 1.93)
repeated: 
1771 (10.115, 0.17, 0.895)
1781 (10.115, 0.17, 0.895)
repeated: 
1772 (9.27, 0.17, 0.895)
1783 (9.27, 0.17, 0.895)
repeated: 
1773 (10.115, 0.17, 1.905)
1782 (10.115, 0.17, 1.905)
repeated: 
1774 (9.27, 0.17, 1.905)
1784 (9.27, 0.17, 1.905)
repeated: 
1811 (9.15, 0.17, 0.895)
1821 (9.15, 0.17, 0.895)
repeated: 
1812 (8.305, 0.17, 0.895)
1823 (8.305, 0.17, 0.895)
repeated: 
1813 (9.15, 0.17, 1.905)
1822 (9.15, 0.17, 1.905)
repeated: 
1814 (8.305, 0.17, 1.905)
1824 (8.305, 0.17, 1.905)
repeated: 
1855 (11.83, 8.43239, 0.87)
1864 (11.83, 8.43239, 0.87)
repeated: 
1856 (11.83, 7.53739, 0.87)
1866 (11.83, 7.53739, 0.87)
repeated: 
1857 (11.83, 8.43239, 1.93)
1874 (11.83, 8.43239, 1.93)
repeated: 
1858 (11.83, 7.53739, 1.93)
1873 (11.83, 7.53739, 1.93)
repeated: 
1859 (11.83, 7.46739, 0.87)
1904 (11.83, 7.46739, 0.87)
repeated: 
1860 (11.83, 6.57239, 0.87)
1906 (11.83, 6.57239, 0.87)
repeated: 
1861 (11.83, 7.46739, 1.93)
1914 (11.83, 7.46739, 1.93)
repeated: 
1862 (11.83, 6.57239, 1.93)
1913 (11.83, 6.57239, 1.93)
repeated: 
1875 (11.83, 8.40739, 0.895)
1885 (11.83, 8.40739, 0.895)
repeated: 
1876 (11.83, 7.56239, 0.895)
1887 (11.83, 7.56239, 0.895)
repeated: 
1877 (11.83, 8.40739, 1.905)
1886 (11.83, 8.40739, 1.905)
repeated: 
1878 (11.83, 7.56239, 1.905)
1888 (11.83, 7.56239, 1.905)
repeated: 
1915 (11.83, 7.44239, 0.895)
1925 (11.83, 7.44239, 0.895)
repeated: 
1916 (11.83, 6.59739, 0.895)
1927 (11.83, 6.59739, 0.895)
repeated: 
1917 (11.83, 7.44239, 1.905)
1926 (11.83, 7.44239, 1.905)
repeated: 
1918 (11.83, 6.59739, 1.905)
1928 (11.83, 6.59739, 1.905)
repeated: 
1959 (0.17, 6.565, 0.87)
1968 (0.17, 6.565, 0.87)
repeated: 
1960 (0.17, 7.46, 0.87)
1970 (0.17, 7.46, 0.87)
repeated: 
1961 (0.17, 6.565, 1.93)
1978 (0.17, 6.565, 1.93)
repeated: 
1962 (0.17, 7.46, 1.93)
1977 (0.17, 7.46, 1.93)
repeated: 
1963 (0.17, 7.53, 0.87)
2008 (0.17, 7.53, 0.87)
repeated: 
1964 (0.17, 8.425, 0.87)
2010 (0.17, 8.425, 0.87)
repeated: 
1965 (0.17, 7.53, 1.93)
2018 (0.17, 7.53, 1.93)
repeated: 
1966 (0.17, 8.425, 1.93)
2017 (0.17, 8.425, 1.93)
repeated: 
1979 (0.17, 6.59, 0.895)
1989 (0.17, 6.59, 0.895)
repeated: 
1980 (0.17, 7.435, 0.895)
1991 (0.17, 7.435, 0.895)
repeated: 
1981 (0.17, 6.59, 1.905)
1990 (0.17, 6.59, 1.905)
repeated: 
1982 (0.17, 7.435, 1.905)
1992 (0.17, 7.435, 1.905)
repeated: 
2019 (0.17, 7.555, 0.895)
2029 (0.17, 7.555, 0.895)
repeated: 
2020 (0.17, 8.4, 0.895)
2031 (0.17, 8.4, 0.895)
repeated: 
2021 (0.17, 7.555, 1.905)
2030 (0.17, 7.555, 1.905)
repeated: 
2022 (0.17, 8.4, 1.905)
2032 (0.17, 8.4, 1.905)
repeated: 
2063 (11.83, 3.135, 0.87)
2072 (11.83, 3.135, 0.87)
repeated: 
2064 (11.83, 2.24, 0.87)
2074 (11.83, 2.24, 0.87)
repeated: 
2065 (11.83, 3.135, 1.93)
2082 (11.83, 3.135, 1.93)
repeated: 
2066 (11.83, 2.24, 1.93)
2081 (11.83, 2.24, 1.93)
repeated: 
2067 (11.83, 2.17, 0.87)
2112 (11.83, 2.17, 0.87)
repeated: 
2068 (11.83, 1.275, 0.87)
2114 (11.83, 1.275, 0.87)
repeated: 
2069 (11.83, 2.17, 1.93)
2122 (11.83, 2.17, 1.93)
repeated: 
2070 (11.83, 1.275, 1.93)
2121 (11.83, 1.275, 1.93)
repeated: 
2083 (11.83, 3.11, 0.895)
2093 (11.83, 3.11, 0.895)
repeated: 
2084 (11.83, 2.265, 0.895)
2095 (11.83, 2.265, 0.895)
repeated: 
2085 (11.83, 3.11, 1.905)
2094 (11.83, 3.11, 1.905)
repeated: 
2086 (11.83, 2.265, 1.905)
2096 (11.83, 2.265, 1.905)
repeated: 
2123 (11.83, 2.145, 0.895)
2133 (11.83, 2.145, 0.895)
repeated: 
2124 (11.83, 1.3, 0.895)
2135 (11.83, 1.3, 0.895)
repeated: 
2125 (11.83, 2.145, 1.905)
2134 (11.83, 2.145, 1.905)
repeated: 
2126 (11.83, 1.3, 1.905)
2136 (11.83, 1.3, 1.905)
repeated: 
2167 (1.12, 9.83, 0.87)
2176 (1.12, 9.83, 0.87)
repeated: 
2168 (2.015, 9.83, 0.87)
2178 (2.015, 9.83, 0.87)
repeated: 
2169 (1.12, 9.83, 1.93)
2186 (1.12, 9.83, 1.93)
repeated: 
2170 (2.015, 9.83, 1.93)
2185 (2.015, 9.83, 1.93)
repeated: 
2171 (2.085, 9.83, 0.87)
2216 (2.085, 9.83, 0.87)
repeated: 
2172 (2.98, 9.83, 0.87)
2218 (2.98, 9.83, 0.87)
repeated: 
2173 (2.085, 9.83, 1.93)
2226 (2.085, 9.83, 1.93)
repeated: 
2174 (2.98, 9.83, 1.93)
2225 (2.98, 9.83, 1.93)
repeated: 
2187 (1.145, 9.83, 0.895)
2197 (1.145, 9.83, 0.895)
repeated: 
2188 (1.99, 9.83, 0.895)
2199 (1.99, 9.83, 0.895)
repeated: 
2189 (1.145, 9.83, 1.905)
2198 (1.145, 9.83, 1.905)
repeated: 
2190 (1.99, 9.83, 1.905)
2200 (1.99, 9.83, 1.905)
repeated: 
2227 (2.11, 9.83, 0.895)
2237 (2.11, 9.83, 0.895)
repeated: 
2228 (2.955, 9.83, 0.895)
2239 (2.955, 9.83, 0.895)
repeated: 
2229 (2.11, 9.83, 1.905)
2238 (2.11, 9.83, 1.905)
repeated: 
2230 (2.955, 9.83, 1.905)
2240 (2.955, 9.83, 1.905)
repeated: 
2271 (4.73, 9.83, 0.87)
2280 (4.73, 9.83, 0.87)
repeated: 
2272 (5.625, 9.83, 0.87)
2282 (5.625, 9.83, 0.87)
repeated: 
2273 (4.73, 9.83, 1.93)
2290 (4.73, 9.83, 1.93)
repeated: 
2274 (5.625, 9.83, 1.93)
2289 (5.625, 9.83, 1.93)
repeated: 
2275 (5.695, 9.83, 0.87)
2320 (5.695, 9.83, 0.87)
repeated: 
2276 (6.59, 9.83, 0.87)
2322 (6.59, 9.83, 0.87)
repeated: 
2277 (5.695, 9.83, 1.93)
2330 (5.695, 9.83, 1.93)
repeated: 
2278 (6.59, 9.83, 1.93)
2329 (6.59, 9.83, 1.93)
repeated: 
2291 (4.755, 9.83, 0.895)
2301 (4.755, 9.83, 0.895)
repeated: 
2292 (5.6, 9.83, 0.895)
2303 (5.6, 9.83, 0.895)
repeated: 
2293 (4.755, 9.83, 1.905)
2302 (4.755, 9.83, 1.905)
repeated: 
2294 (5.6, 9.83, 1.905)
2304 (5.6, 9.83, 1.905)
repeated: 
2331 (5.72, 9.83, 0.895)
2341 (5.72, 9.83, 0.895)
repeated: 
2332 (6.565, 9.83, 0.895)
2343 (6.565, 9.83, 0.895)
repeated: 
2333 (5.72, 9.83, 1.905)
2342 (5.72, 9.83, 1.905)
repeated: 
2334 (6.565, 9.83, 1.905)
2344 (6.565, 9.83, 1.905)
repeated: 
2375 (8.865, 9.83, 0.87)
2384 (8.865, 9.83, 0.87)
repeated: 
2376 (9.76, 9.83, 0.87)
2386 (9.76, 9.83, 0.87)
repeated: 
2377 (8.865, 9.83, 1.93)
2394 (8.865, 9.83, 1.93)
repeated: 
2378 (9.76, 9.83, 1.93)
2393 (9.76, 9.83, 1.93)
repeated: 
2379 (9.83, 9.83, 0.87)
2424 (9.83, 9.83, 0.87)
repeated: 
2380 (10.725, 9.83, 0.87)
2426 (10.725, 9.83, 0.87)
repeated: 
2381 (9.83, 9.83, 1.93)
2434 (9.83, 9.83, 1.93)
repeated: 
2382 (10.725, 9.83, 1.93)
2433 (10.725, 9.83, 1.93)
repeated: 
2395 (8.89, 9.83, 0.895)
2405 (8.89, 9.83, 0.895)
repeated: 
2396 (9.735, 9.83, 0.895)
2407 (9.735, 9.83, 0.895)
repeated: 
2397 (8.89, 9.83, 1.905)
2406 (8.89, 9.83, 1.905)
repeated: 
2398 (9.735, 9.83, 1.905)
2408 (9.735, 9.83, 1.905)
repeated: 
2435 (9.855, 9.83, 0.895)
2445 (9.855, 9.83, 0.895)
repeated: 
2436 (10.7, 9.83, 0.895)
2447 (10.7, 9.83, 0.895)
repeated: 
2437 (9.855, 9.83, 1.905)
2446 (9.855, 9.83, 1.905)
repeated: 
2438 (10.7, 9.83, 1.905)
2448 (10.7, 9.83, 1.905)
repeated: 
2464 (6.0525, 5.85, -6.12303e-18)
2483 (6.0525, 5.85, -6.12303e-18)
repeated: 
2474 (6.0525, 5.85, 1.96)
2486 (6.0525, 5.85, 1.96)
repeated: 
2475 (5.2675, 5.85, 1.96)
2480 (5.2675, 5.85, 1.96)
repeated: 
2476 (5.2675, 5.85, -6.12303e-18)
2479 (5.2675, 5.85, -6.12303e-18)
repeated: 
2488 (2.4425, 5.85, -6.12303e-18)
2507 (2.4425, 5.85, -6.12303e-18)
repeated: 
2498 (2.4425, 5.85, 1.96)
2510 (2.4425, 5.85, 1.96)
repeated: 
2499 (1.6575, 5.85, 1.96)
2504 (1.6575, 5.85, 1.96)
repeated: 
2500 (1.6575, 5.85, -6.12303e-18)
2503 (1.6575, 5.85, -6.12303e-18)
repeated: 
2513 (7.41, 4.6075, 2.94308e-33)
2531 (7.41, 4.6075, 2.94308e-33)
repeated: 
2518 (7.41, 5.3925, -2.94308e-33)
2527 (7.41, 5.3925, -2.94308e-33)
repeated: 
2519 (7.41, 5.3925, 1.96)
2529 (7.41, 5.3925, 1.96)
repeated: 
2520 (7.41, 4.6075, 1.96)
2532 (7.41, 4.6075, 1.96)
repeated: 
2610 (11.82, 5.43, 4)
2846 (11.82, 5.43, 4)
2973 (11.82, 5.43, 4)
3469 (11.82, 5.43, 4)
repeated: 
2611 (11.82, 5.42836, 3.96252)
2847 (11.82, 5.42836, 3.96252)
2976 (11.82, 5.42836, 3.96252)
3468 (11.82, 5.42836, 3.96252)
repeated: 
2612 (11.82, 5.42836, 4.03748)
2845 (11.82, 5.42836, 4.03748)
2974 (11.82, 5.42836, 4.03748)
3470 (11.82, 5.42836, 4.03748)
repeated: 
2613 (11.82, 5.42347, 4.07467)
2844 (11.82, 5.42347, 4.07467)
3045 (11.82, 5.42347, 4.07467)
3471 (11.82, 5.42347, 4.07467)
repeated: 
2614 (11.82, 5.41535, 4.11129)
2843 (11.82, 5.41535, 4.11129)
3044 (11.82, 5.41535, 4.11129)
3472 (11.82, 5.41535, 4.11129)
repeated: 
2615 (11.82, 5.40407, 4.14707)
2842 (11.82, 5.40407, 4.14707)
3043 (11.82, 5.40407, 4.14707)
3473 (11.82, 5.40407, 4.14707)
repeated: 
2616 (11.82, 5.38971, 4.18173)
2841 (11.82, 5.38971, 4.18173)
3042 (11.82, 5.38971, 4.18173)
3474 (11.82, 5.38971, 4.18173)
repeated: 
2617 (11.82, 5.37239, 4.215)
2840 (11.82, 5.37239, 4.215)
3041 (11.82, 5.37239, 4.215)
3475 (11.82, 5.37239, 4.215)
repeated: 
2618 (11.82, 5.35224, 4.24664)
2839 (11.82, 5.35224, 4.24664)
3040 (11.82, 5.35224, 4.24664)
3476 (11.82, 5.35224, 4.24664)
repeated: 
2619 (11.82, 5.3294, 4.2764)
2838 (11.82, 5.3294, 4.2764)
3039 (11.82, 5.3294, 4.2764)
3477 (11.82, 5.3294, 4.2764)
repeated: 
2620 (11.82, 5.30406, 4.30406)
2837 (11.82, 5.30406, 4.30406)
3038 (11.82, 5.30406, 4.30406)
3478 (11.82, 5.30406, 4.30406)
repeated: 
2621 (11.82, 5.2764, 4.3294)
2836 (11.82, 5.2764, 4.3294)
3037 (11.82, 5.2764, 4.3294)
3479 (11.82, 5.2764, 4.3294)
repeated: 
2622 (11.82, 5.24664, 4.35224)
2835 (11.82, 5.24664, 4.35224)
3036 (11.82, 5.24664, 4.35224)
3480 (11.82, 5.24664, 4.35224)
repeated: 
2623 (11.82, 5.215, 4.37239)
2834 (11.82, 5.215, 4.37239)
3035 (11.82, 5.215, 4.37239)
3481 (11.82, 5.215, 4.37239)
repeated: 
2624 (11.82, 5.18173, 4.38971)
2833 (11.82, 5.18173, 4.38971)
3034 (11.82, 5.18173, 4.38971)
3482 (11.82, 5.18173, 4.38971)
repeated: 
2625 (11.82, 5.14707, 4.40407)
2832 (11.82, 5.14707, 4.40407)
3033 (11.82, 5.14707, 4.40407)
3483 (11.82, 5.14707, 4.40407)
repeated: 
2626 (11.82, 5.11129, 4.41535)
2831 (11.82, 5.11129, 4.41535)
3032 (11.82, 5.11129, 4.41535)
3484 (11.82, 5.11129, 4.41535)
repeated: 
2627 (11.82, 5.07467, 4.42347)
2830 (11.82, 5.07467, 4.42347)
3031 (11.82, 5.07467, 4.42347)
3485 (11.82, 5.07467, 4.42347)
repeated: 
2628 (11.82, 5.03748, 4.42836)
2829 (11.82, 5.03748, 4.42836)
3030 (11.82, 5.03748, 4.42836)
3486 (11.82, 5.03748, 4.42836)
repeated: 
2629 (11.82, 5, 4.43)
2827 (11.82, 5, 4.43)
3029 (11.82, 5, 4.43)
3410 (11.82, 5, 4.43)
3416 (11.82, 5, 4.43)
repeated: 
2630 (11.82, 4.96252, 4.42836)
3028 (11.82, 4.96252, 4.42836)
repeated: 
2631 (11.82, 4.92533, 4.42347)
3027 (11.82, 4.92533, 4.42347)
repeated: 
2632 (11.82, 4.88871, 4.41535)
3026 (11.82, 4.88871, 4.41535)
repeated: 
2633 (11.82, 4.85293, 4.40407)
3025 (11.82, 4.85293, 4.40407)
repeated: 
2634 (11.82, 4.81827, 4.38971)
3024 (11.82, 4.81827, 4.38971)
repeated: 
2635 (11.82, 4.785, 4.37239)
3023 (11.82, 4.785, 4.37239)
repeated: 
2636 (11.82, 4.75336, 4.35224)
3022 (11.82, 4.75336, 4.35224)
repeated: 
2637 (11.82, 4.7236, 4.3294)
3021 (11.82, 4.7236, 4.3294)
repeated: 
2638 (11.82, 4.69594, 4.30406)
3020 (11.82, 4.69594, 4.30406)
repeated: 
2639 (11.82, 4.6706, 4.2764)
3019 (11.82, 4.6706, 4.2764)
repeated: 
2640 (11.82, 4.64776, 4.24664)
3018 (11.82, 4.64776, 4.24664)
repeated: 
2641 (11.82, 4.62761, 4.215)
3017 (11.82, 4.62761, 4.215)
repeated: 
2642 (11.82, 4.61029, 4.18173)
3016 (11.82, 4.61029, 4.18173)
repeated: 
2643 (11.82, 4.59593, 4.14707)
3015 (11.82, 4.59593, 4.14707)
repeated: 
2644 (11.82, 4.58465, 4.11129)
3014 (11.82, 4.58465, 4.11129)
repeated: 
2645 (11.82, 4.57653, 4.07467)
3013 (11.82, 4.57653, 4.07467)
repeated: 
2646 (11.82, 4.57164, 4.03748)
3012 (11.82, 4.57164, 4.03748)
repeated: 
2647 (11.82, 4.57, 4)
3011 (11.82, 4.57, 4)
repeated: 
2648 (11.82, 4.57164, 3.96252)
3010 (11.82, 4.57164, 3.96252)
repeated: 
2649 (11.82, 4.57653, 3.92533)
3009 (11.82, 4.57653, 3.92533)
repeated: 
2650 (11.82, 4.58465, 3.88871)
3008 (11.82, 4.58465, 3.88871)
repeated: 
2651 (11.82, 4.59593, 3.85293)
3007 (11.82, 4.59593, 3.85293)
repeated: 
2652 (11.82, 4.61029, 3.81827)
3006 (11.82, 4.61029, 3.81827)
repeated: 
2653 (11.82, 4.62761, 3.785)
3005 (11.82, 4.62761, 3.785)
repeated: 
2654 (11.82, 4.64776, 3.75336)
3004 (11.82, 4.64776, 3.75336)
repeated: 
2655 (11.82, 4.6706, 3.7236)
3003 (11.82, 4.6706, 3.7236)
repeated: 
2656 (11.82, 4.69594, 3.69594)
3002 (11.82, 4.69594, 3.69594)
repeated: 
2657 (11.82, 4.7236, 3.6706)
3001 (11.82, 4.7236, 3.6706)
repeated: 
2658 (11.82, 4.75336, 3.64776)
3000 (11.82, 4.75336, 3.64776)
repeated: 
2659 (11.82, 4.785, 3.62761)
2999 (11.82, 4.785, 3.62761)
repeated: 
2660 (11.82, 4.81827, 3.61029)
2998 (11.82, 4.81827, 3.61029)
repeated: 
2661 (11.82, 4.85293, 3.59593)
2997 (11.82, 4.85293, 3.59593)
repeated: 
2662 (11.82, 4.88871, 3.58465)
2996 (11.82, 4.88871, 3.58465)
repeated: 
2663 (11.82, 4.92533, 3.57653)
2995 (11.82, 4.92533, 3.57653)
repeated: 
2664 (11.82, 4.96252, 3.57164)
2994 (11.82, 4.96252, 3.57164)
repeated: 
2665 (11.82, 5, 3.57)
2823 (11.82, 5, 3.57)
2993 (11.82, 5, 3.57)
3372 (11.82, 5, 3.57)
3451 (11.82, 5, 3.57)
repeated: 
2666 (11.82, 5.03748, 3.57164)
2825 (11.82, 5.03748, 3.57164)
2992 (11.82, 5.03748, 3.57164)
3452 (11.82, 5.03748, 3.57164)
repeated: 
2667 (11.82, 5.07467, 3.57653)
2862 (11.82, 5.07467, 3.57653)
2991 (11.82, 5.07467, 3.57653)
3453 (11.82, 5.07467, 3.57653)
repeated: 
2668 (11.82, 5.11129, 3.58465)
2861 (11.82, 5.11129, 3.58465)
2990 (11.82, 5.11129, 3.58465)
3454 (11.82, 5.11129, 3.58465)
repeated: 
2669 (11.82, 5.14707, 3.59593)
2860 (11.82, 5.14707, 3.59593)
2989 (11.82, 5.14707, 3.59593)
3455 (11.82, 5.14707, 3.59593)
repeated: 
2670 (11.82, 5.18173, 3.61029)
2859 (11.82, 5.18173, 3.61029)
2988 (11.82, 5.18173, 3.61029)
3456 (11.82, 5.18173, 3.61029)
repeated: 
2671 (11.82, 5.215, 3.62761)
2858 (11.82, 5.215, 3.62761)
2987 (11.82, 5.215, 3.62761)
3457 (11.82, 5.215, 3.62761)
repeated: 
2672 (11.82, 5.24664, 3.64776)
2857 (11.82, 5.24664, 3.64776)
2986 (11.82, 5.24664, 3.64776)
3458 (11.82, 5.24664, 3.64776)
repeated: 
2673 (11.82, 5.2764, 3.6706)
2856 (11.82, 5.2764, 3.6706)
2985 (11.82, 5.2764, 3.6706)
3459 (11.82, 5.2764, 3.6706)
repeated: 
2674 (11.82, 5.30406, 3.69594)
2855 (11.82, 5.30406, 3.69594)
2984 (11.82, 5.30406, 3.69594)
3460 (11.82, 5.30406, 3.69594)
repeated: 
2675 (11.82, 5.3294, 3.7236)
2854 (11.82, 5.3294, 3.7236)
2983 (11.82, 5.3294, 3.7236)
3461 (11.82, 5.3294, 3.7236)
repeated: 
2676 (11.82, 5.35224, 3.75336)
2853 (11.82, 5.35224, 3.75336)
2982 (11.82, 5.35224, 3.75336)
3462 (11.82, 5.35224, 3.75336)
repeated: 
2677 (11.82, 5.37239, 3.785)
2852 (11.82, 5.37239, 3.785)
2981 (11.82, 5.37239, 3.785)
3463 (11.82, 5.37239, 3.785)
repeated: 
2678 (11.82, 5.38971, 3.81827)
2851 (11.82, 5.38971, 3.81827)
2980 (11.82, 5.38971, 3.81827)
3464 (11.82, 5.38971, 3.81827)
repeated: 
2679 (11.82, 5.40407, 3.85293)
2850 (11.82, 5.40407, 3.85293)
2979 (11.82, 5.40407, 3.85293)
3465 (11.82, 5.40407, 3.85293)
repeated: 
2680 (11.82, 5.41535, 3.88871)
2849 (11.82, 5.41535, 3.88871)
2978 (11.82, 5.41535, 3.88871)
3466 (11.82, 5.41535, 3.88871)
repeated: 
2681 (11.82, 5.42347, 3.92533)
2848 (11.82, 5.42347, 3.92533)
2977 (11.82, 5.42347, 3.92533)
3467 (11.82, 5.42347, 3.92533)
repeated: 
2824 (11.8, 5, 3.57)
3297 (11.8, 5, 3.57)
3525 (11.8, 5, 3.57)
repeated: 
2826 (11.8, 5.03748, 3.57164)
3524 (11.8, 5.03748, 3.57164)
repeated: 
2828 (11.82, 5, 4.46)
3409 (11.82, 5, 4.46)
repeated: 
2863 (11.82, 5, 3.54)
3373 (11.82, 5, 3.54)
repeated: 
2899 (11.8, 5.07467, 3.57653)
3523 (11.8, 5.07467, 3.57653)
repeated: 
2900 (11.8, 5, 4.46)
3334 (11.8, 5, 4.46)
repeated: 
2901 (11.8, 5, 4.43)
3260 (11.8, 5, 4.43)
3488 (11.8, 5, 4.43)
repeated: 
2937 (11.8, 5, 3.54)
3298 (11.8, 5, 3.54)
repeated: 
2938 (11.8, 5.11129, 3.58465)
3522 (11.8, 5.11129, 3.58465)
repeated: 
2939 (11.8, 5.14707, 3.59593)
3521 (11.8, 5.14707, 3.59593)
repeated: 
2940 (11.8, 5.18173, 3.61029)
3520 (11.8, 5.18173, 3.61029)
repeated: 
2941 (11.8, 5.215, 3.62761)
3519 (11.8, 5.215, 3.62761)
repeated: 
2942 (11.8, 5.24664, 3.64776)
3518 (11.8, 5.24664, 3.64776)
repeated: 
2943 (11.8, 5.2764, 3.6706)
3517 (11.8, 5.2764, 3.6706)
repeated: 
2944 (11.8, 5.30406, 3.69594)
3516 (11.8, 5.30406, 3.69594)
repeated: 
2945 (11.8, 5.3294, 3.7236)
3515 (11.8, 5.3294, 3.7236)
repeated: 
2946 (11.8, 5.35224, 3.75336)
3514 (11.8, 5.35224, 3.75336)
repeated: 
2947 (11.8, 5.37239, 3.785)
3513 (11.8, 5.37239, 3.785)
repeated: 
2948 (11.8, 5.38971, 3.81827)
3512 (11.8, 5.38971, 3.81827)
repeated: 
2949 (11.8, 5.40407, 3.85293)
3511 (11.8, 5.40407, 3.85293)
repeated: 
2950 (11.8, 5.41535, 3.88871)
3510 (11.8, 5.41535, 3.88871)
repeated: 
2951 (11.8, 5.42347, 3.92533)
3509 (11.8, 5.42347, 3.92533)
repeated: 
2952 (11.8, 5.42836, 3.96252)
3508 (11.8, 5.42836, 3.96252)
repeated: 
2953 (11.8, 5.43, 4)
3507 (11.8, 5.43, 4)
repeated: 
2954 (11.8, 5.42836, 4.03748)
3506 (11.8, 5.42836, 4.03748)
repeated: 
2955 (11.8, 5.42347, 4.07467)
3505 (11.8, 5.42347, 4.07467)
repeated: 
2956 (11.8, 5.41535, 4.11129)
3504 (11.8, 5.41535, 4.11129)
repeated: 
2957 (11.8, 5.40407, 4.14707)
3503 (11.8, 5.40407, 4.14707)
repeated: 
2958 (11.8, 5.38971, 4.18173)
3502 (11.8, 5.38971, 4.18173)
repeated: 
2959 (11.8, 5.37239, 4.215)
3501 (11.8, 5.37239, 4.215)
repeated: 
2960 (11.8, 5.35224, 4.24664)
3500 (11.8, 5.35224, 4.24664)
repeated: 
2961 (11.8, 5.3294, 4.2764)
3499 (11.8, 5.3294, 4.2764)
repeated: 
2962 (11.8, 5.30406, 4.30406)
3498 (11.8, 5.30406, 4.30406)
repeated: 
2963 (11.8, 5.2764, 4.3294)
3497 (11.8, 5.2764, 4.3294)
repeated: 
2964 (11.8, 5.24664, 4.35224)
3496 (11.8, 5.24664, 4.35224)
repeated: 
2965 (11.8, 5.215, 4.37239)
3495 (11.8, 5.215, 4.37239)
repeated: 
2966 (11.8, 5.18173, 4.38971)
3494 (11.8, 5.18173, 4.38971)
repeated: 
2967 (11.8, 5.14707, 4.40407)
3493 (11.8, 5.14707, 4.40407)
repeated: 
2968 (11.8, 5.11129, 4.41535)
3492 (11.8, 5.11129, 4.41535)
repeated: 
2969 (11.8, 5.07467, 4.42347)
3491 (11.8, 5.07467, 4.42347)
repeated: 
2970 (11.8, 5.03748, 4.42836)
3490 (11.8, 5.03748, 4.42836)
repeated: 
3046 (11.82, 5.41, 4)
3434 (11.82, 5.41, 4)
3561 (11.82, 5.41, 4)
repeated: 
3047 (11.82, 5.40844, 3.96427)
3435 (11.82, 5.40844, 3.96427)
3564 (11.82, 5.40844, 3.96427)
repeated: 
3048 (11.82, 5.40844, 4.03573)
3433 (11.82, 5.40844, 4.03573)
3562 (11.82, 5.40844, 4.03573)
repeated: 
3049 (11.82, 5.40377, 4.0712)
3432 (11.82, 5.40377, 4.0712)
3633 (11.82, 5.40377, 4.0712)
repeated: 
3050 (11.82, 5.39603, 4.10612)
3431 (11.82, 5.39603, 4.10612)
3632 (11.82, 5.39603, 4.10612)
repeated: 
3051 (11.82, 5.38527, 4.14023)
3430 (11.82, 5.38527, 4.14023)
3631 (11.82, 5.38527, 4.14023)
repeated: 
3052 (11.82, 5.37159, 4.17327)
3429 (11.82, 5.37159, 4.17327)
3630 (11.82, 5.37159, 4.17327)
repeated: 
3053 (11.82, 5.35507, 4.205)
3428 (11.82, 5.35507, 4.205)
3629 (11.82, 5.35507, 4.205)
repeated: 
3054 (11.82, 5.33585, 4.23517)
3427 (11.82, 5.33585, 4.23517)
3628 (11.82, 5.33585, 4.23517)
repeated: 
3055 (11.82, 5.31408, 4.26354)
3426 (11.82, 5.31408, 4.26354)
3627 (11.82, 5.31408, 4.26354)
repeated: 
3056 (11.82, 5.28991, 4.28991)
3425 (11.82, 5.28991, 4.28991)
3626 (11.82, 5.28991, 4.28991)
repeated: 
3057 (11.82, 5.26354, 4.31408)
3424 (11.82, 5.26354, 4.31408)
3625 (11.82, 5.26354, 4.31408)
repeated: 
3058 (11.82, 5.23517, 4.33585)
3423 (11.82, 5.23517, 4.33585)
3624 (11.82, 5.23517, 4.33585)
repeated: 
3059 (11.82, 5.205, 4.35507)
3422 (11.82, 5.205, 4.35507)
3623 (11.82, 5.205, 4.35507)
repeated: 
3060 (11.82, 5.17327, 4.37159)
3421 (11.82, 5.17327, 4.37159)
3622 (11.82, 5.17327, 4.37159)
repeated: 
3061 (11.82, 5.14023, 4.38527)
3420 (11.82, 5.14023, 4.38527)
3621 (11.82, 5.14023, 4.38527)
repeated: 
3062 (11.82, 5.10612, 4.39603)
3419 (11.82, 5.10612, 4.39603)
3620 (11.82, 5.10612, 4.39603)
repeated: 
3063 (11.82, 5.0712, 4.40377)
3418 (11.82, 5.0712, 4.40377)
3619 (11.82, 5.0712, 4.40377)
repeated: 
3064 (11.82, 5.03573, 4.40844)
3417 (11.82, 5.03573, 4.40844)
3618 (11.82, 5.03573, 4.40844)
repeated: 
3065 (11.82, 5, 4.41)
3335 (11.82, 5, 4.41)
3415 (11.82, 5, 4.41)
3617 (11.82, 5, 4.41)
repeated: 
3066 (11.82, 4.96427, 4.40844)
3336 (11.82, 4.96427, 4.40844)
3616 (11.82, 4.96427, 4.40844)
repeated: 
3067 (11.82, 4.9288, 4.40377)
3337 (11.82, 4.9288, 4.40377)
3615 (11.82, 4.9288, 4.40377)
repeated: 
3068 (11.82, 4.89388, 4.39603)
3338 (11.82, 4.89388, 4.39603)
3614 (11.82, 4.89388, 4.39603)
repeated: 
3069 (11.82, 4.85977, 4.38527)
3339 (11.82, 4.85977, 4.38527)
3613 (11.82, 4.85977, 4.38527)
repeated: 
3070 (11.82, 4.82673, 4.37159)
3340 (11.82, 4.82673, 4.37159)
3612 (11.82, 4.82673, 4.37159)
repeated: 
3071 (11.82, 4.795, 4.35507)
3341 (11.82, 4.795, 4.35507)
3611 (11.82, 4.795, 4.35507)
repeated: 
3072 (11.82, 4.76483, 4.33585)
3342 (11.82, 4.76483, 4.33585)
3610 (11.82, 4.76483, 4.33585)
repeated: 
3073 (11.82, 4.73646, 4.31408)
3343 (11.82, 4.73646, 4.31408)
3609 (11.82, 4.73646, 4.31408)
repeated: 
3074 (11.82, 4.71009, 4.28991)
3344 (11.82, 4.71009, 4.28991)
3608 (11.82, 4.71009, 4.28991)
repeated: 
3075 (11.82, 4.68592, 4.26354)
3345 (11.82, 4.68592, 4.26354)
3607 (11.82, 4.68592, 4.26354)
repeated: 
3076 (11.82, 4.66415, 4.23517)
3346 (11.82, 4.66415, 4.23517)
3606 (11.82, 4.66415, 4.23517)
repeated: 
3077 (11.82, 4.64493, 4.205)
3347 (11.82, 4.64493, 4.205)
3605 (11.82, 4.64493, 4.205)
repeated: 
3078 (11.82, 4.62841, 4.17327)
3348 (11.82, 4.62841, 4.17327)
3604 (11.82, 4.62841, 4.17327)
repeated: 
3079 (11.82, 4.61473, 4.14023)
3349 (11.82, 4.61473, 4.14023)
3603 (11.82, 4.61473, 4.14023)
repeated: 
3080 (11.82, 4.60397, 4.10612)
3350 (11.82, 4.60397, 4.10612)
3602 (11.82, 4.60397, 4.10612)
repeated: 
3081 (11.82, 4.59623, 4.0712)
3351 (11.82, 4.59623, 4.0712)
3601 (11.82, 4.59623, 4.0712)
repeated: 
3082 (11.82, 4.59156, 4.03573)
3352 (11.82, 4.59156, 4.03573)
3600 (11.82, 4.59156, 4.03573)
repeated: 
3083 (11.82, 4.59, 4)
3353 (11.82, 4.59, 4)
3599 (11.82, 4.59, 4)
repeated: 
3084 (11.82, 4.59156, 3.96427)
3354 (11.82, 4.59156, 3.96427)
3598 (11.82, 4.59156, 3.96427)
repeated: 
3085 (11.82, 4.59623, 3.9288)
3355 (11.82, 4.59623, 3.9288)
3597 (11.82, 4.59623, 3.9288)
repeated: 
3086 (11.82, 4.60397, 3.89388)
3356 (11.82, 4.60397, 3.89388)
3596 (11.82, 4.60397, 3.89388)
repeated: 
3087 (11.82, 4.61473, 3.85977)
3357 (11.82, 4.61473, 3.85977)
3595 (11.82, 4.61473, 3.85977)
repeated: 
3088 (11.82, 4.62841, 3.82673)
3358 (11.82, 4.62841, 3.82673)
3594 (11.82, 4.62841, 3.82673)
repeated: 
3089 (11.82, 4.64493, 3.795)
3359 (11.82, 4.64493, 3.795)
3593 (11.82, 4.64493, 3.795)
repeated: 
3090 (11.82, 4.66415, 3.76483)
3360 (11.82, 4.66415, 3.76483)
3592 (11.82, 4.66415, 3.76483)
repeated: 
3091 (11.82, 4.68592, 3.73646)
3361 (11.82, 4.68592, 3.73646)
3591 (11.82, 4.68592, 3.73646)
repeated: 
3092 (11.82, 4.71009, 3.71009)
3362 (11.82, 4.71009, 3.71009)
3590 (11.82, 4.71009, 3.71009)
repeated: 
3093 (11.82, 4.73646, 3.68592)
3363 (11.82, 4.73646, 3.68592)
3589 (11.82, 4.73646, 3.68592)
repeated: 
3094 (11.82, 4.76483, 3.66415)
3364 (11.82, 4.76483, 3.66415)
3588 (11.82, 4.76483, 3.66415)
repeated: 
3095 (11.82, 4.795, 3.64493)
3365 (11.82, 4.795, 3.64493)
3587 (11.82, 4.795, 3.64493)
repeated: 
3096 (11.82, 4.82673, 3.62841)
3366 (11.82, 4.82673, 3.62841)
3586 (11.82, 4.82673, 3.62841)
repeated: 
3097 (11.82, 4.85977, 3.61473)
3367 (11.82, 4.85977, 3.61473)
3585 (11.82, 4.85977, 3.61473)
repeated: 
3098 (11.82, 4.89388, 3.60397)
3368 (11.82, 4.89388, 3.60397)
3584 (11.82, 4.89388, 3.60397)
repeated: 
3099 (11.82, 4.9288, 3.59623)
3369 (11.82, 4.9288, 3.59623)
3583 (11.82, 4.9288, 3.59623)
repeated: 
3100 (11.82, 4.96427, 3.59156)
3370 (11.82, 4.96427, 3.59156)
3582 (11.82, 4.96427, 3.59156)
repeated: 
3101 (11.82, 5, 3.59)
3371 (11.82, 5, 3.59)
3411 (11.82, 5, 3.59)
3581 (11.82, 5, 3.59)
repeated: 
3102 (11.82, 5.03573, 3.59156)
3413 (11.82, 5.03573, 3.59156)
3580 (11.82, 5.03573, 3.59156)
repeated: 
3103 (11.82, 5.0712, 3.59623)
3450 (11.82, 5.0712, 3.59623)
3579 (11.82, 5.0712, 3.59623)
repeated: 
3104 (11.82, 5.10612, 3.60397)
3449 (11.82, 5.10612, 3.60397)
3578 (11.82, 5.10612, 3.60397)
repeated: 
3105 (11.82, 5.14023, 3.61473)
3448 (11.82, 5.14023, 3.61473)
3577 (11.82, 5.14023, 3.61473)
repeated: 
3106 (11.82, 5.17327, 3.62841)
3447 (11.82, 5.17327, 3.62841)
3576 (11.82, 5.17327, 3.62841)
repeated: 
3107 (11.82, 5.205, 3.64493)
3446 (11.82, 5.205, 3.64493)
3575 (11.82, 5.205, 3.64493)
repeated: 
3108 (11.82, 5.23517, 3.66415)
3445 (11.82, 5.23517, 3.66415)
3574 (11.82, 5.23517, 3.66415)
repeated: 
3109 (11.82, 5.26354, 3.68592)
3444 (11.82, 5.26354, 3.68592)
3573 (11.82, 5.26354, 3.68592)
repeated: 
3110 (11.82, 5.28991, 3.71009)
3443 (11.82, 5.28991, 3.71009)
3572 (11.82, 5.28991, 3.71009)
repeated: 
3111 (11.82, 5.31408, 3.73646)
3442 (11.82, 5.31408, 3.73646)
3571 (11.82, 5.31408, 3.73646)
repeated: 
3112 (11.82, 5.33585, 3.76483)
3441 (11.82, 5.33585, 3.76483)
3570 (11.82, 5.33585, 3.76483)
repeated: 
3113 (11.82, 5.35507, 3.795)
3440 (11.82, 5.35507, 3.795)
3569 (11.82, 5.35507, 3.795)
repeated: 
3114 (11.82, 5.37159, 3.82673)
3439 (11.82, 5.37159, 3.82673)
3568 (11.82, 5.37159, 3.82673)
repeated: 
3115 (11.82, 5.38527, 3.85977)
3438 (11.82, 5.38527, 3.85977)
3567 (11.82, 5.38527, 3.85977)
repeated: 
3116 (11.82, 5.39603, 3.89388)
3437 (11.82, 5.39603, 3.89388)
3566 (11.82, 5.39603, 3.89388)
repeated: 
3117 (11.82, 5.40377, 3.9288)
3436 (11.82, 5.40377, 3.9288)
3565 (11.82, 5.40377, 3.9288)
repeated: 
3259 (11.8, 5, 4.41)
3489 (11.8, 5, 4.41)
repeated: 
3296 (11.8, 5, 3.59)
3412 (11.8, 5, 3.59)
repeated: 
3951 (0.12, 4.57, 4)
4154 (0.12, 4.57, 4)
4172 (0.12, 4.57, 4)
4709 (0.12, 4.57, 4)
repeated: 
3952 (0.12, 4.57164, 4.03748)
4155 (0.12, 4.57164, 4.03748)
4174 (0.12, 4.57164, 4.03748)
4708 (0.12, 4.57164, 4.03748)
repeated: 
3953 (0.12, 4.57164, 3.96252)
4153 (0.12, 4.57164, 3.96252)
4318 (0.12, 4.57164, 3.96252)
4710 (0.12, 4.57164, 3.96252)
repeated: 
3954 (0.12, 4.57653, 3.92533)
4152 (0.12, 4.57653, 3.92533)
4386 (0.12, 4.57653, 3.92533)
4711 (0.12, 4.57653, 3.92533)
repeated: 
3955 (0.12, 4.58465, 3.88871)
4151 (0.12, 4.58465, 3.88871)
4385 (0.12, 4.58465, 3.88871)
4712 (0.12, 4.58465, 3.88871)
repeated: 
3956 (0.12, 4.59593, 3.85293)
4150 (0.12, 4.59593, 3.85293)
4384 (0.12, 4.59593, 3.85293)
4713 (0.12, 4.59593, 3.85293)
repeated: 
3957 (0.12, 4.61029, 3.81827)
4149 (0.12, 4.61029, 3.81827)
4383 (0.12, 4.61029, 3.81827)
4714 (0.12, 4.61029, 3.81827)
repeated: 
3958 (0.12, 4.62761, 3.785)
4148 (0.12, 4.62761, 3.785)
4382 (0.12, 4.62761, 3.785)
4715 (0.12, 4.62761, 3.785)
repeated: 
3959 (0.12, 4.64776, 3.75336)
4147 (0.12, 4.64776, 3.75336)
4381 (0.12, 4.64776, 3.75336)
4716 (0.12, 4.64776, 3.75336)
repeated: 
3960 (0.12, 4.6706, 3.7236)
4146 (0.12, 4.6706, 3.7236)
4380 (0.12, 4.6706, 3.7236)
4717 (0.12, 4.6706, 3.7236)
repeated: 
3961 (0.12, 4.69594, 3.69594)
4145 (0.12, 4.69594, 3.69594)
4379 (0.12, 4.69594, 3.69594)
4718 (0.12, 4.69594, 3.69594)
repeated: 
3962 (0.12, 4.7236, 3.6706)
4144 (0.12, 4.7236, 3.6706)
4378 (0.12, 4.7236, 3.6706)
4719 (0.12, 4.7236, 3.6706)
repeated: 
3963 (0.12, 4.75336, 3.64776)
4143 (0.12, 4.75336, 3.64776)
4377 (0.12, 4.75336, 3.64776)
4720 (0.12, 4.75336, 3.64776)
repeated: 
3964 (0.12, 4.785, 3.62761)
4142 (0.12, 4.785, 3.62761)
4376 (0.12, 4.785, 3.62761)
4721 (0.12, 4.785, 3.62761)
repeated: 
3965 (0.12, 4.81827, 3.61029)
4141 (0.12, 4.81827, 3.61029)
4375 (0.12, 4.81827, 3.61029)
4722 (0.12, 4.81827, 3.61029)
repeated: 
3966 (0.12, 4.85293, 3.59593)
4140 (0.12, 4.85293, 3.59593)
4374 (0.12, 4.85293, 3.59593)
4723 (0.12, 4.85293, 3.59593)
repeated: 
3967 (0.12, 4.88871, 3.58465)
4139 (0.12, 4.88871, 3.58465)
4373 (0.12, 4.88871, 3.58465)
4724 (0.12, 4.88871, 3.58465)
repeated: 
3968 (0.12, 4.92533, 3.57653)
4100 (0.12, 4.92533, 3.57653)
4372 (0.12, 4.92533, 3.57653)
4725 (0.12, 4.92533, 3.57653)
repeated: 
3969 (0.12, 4.96252, 3.57164)
4024 (0.12, 4.96252, 3.57164)
4371 (0.12, 4.96252, 3.57164)
4726 (0.12, 4.96252, 3.57164)
repeated: 
3970 (0.12, 5, 3.57)
4023 (0.12, 5, 3.57)
4370 (0.12, 5, 3.57)
4574 (0.12, 5, 3.57)
4616 (0.12, 5, 3.57)
repeated: 
3971 (0.12, 5.03748, 3.57164)
4369 (0.12, 5.03748, 3.57164)
repeated: 
3972 (0.12, 5.07467, 3.57653)
4368 (0.12, 5.07467, 3.57653)
repeated: 
3973 (0.12, 5.11129, 3.58465)
4367 (0.12, 5.11129, 3.58465)
repeated: 
3974 (0.12, 5.14707, 3.59593)
4366 (0.12, 5.14707, 3.59593)
repeated: 
3975 (0.12, 5.18173, 3.61029)
4365 (0.12, 5.18173, 3.61029)
repeated: 
3976 (0.12, 5.215, 3.62761)
4364 (0.12, 5.215, 3.62761)
repeated: 
3977 (0.12, 5.24664, 3.64776)
4363 (0.12, 5.24664, 3.64776)
repeated: 
3978 (0.12, 5.2764, 3.6706)
4362 (0.12, 5.2764, 3.6706)
repeated: 
3979 (0.12, 5.30406, 3.69594)
4361 (0.12, 5.30406, 3.69594)
repeated: 
3980 (0.12, 5.3294, 3.7236)
4360 (0.12, 5.3294, 3.7236)
repeated: 
3981 (0.12, 5.35224, 3.75336)
4359 (0.12, 5.35224, 3.75336)
repeated: 
3982 (0.12, 5.37239, 3.785)
4358 (0.12, 5.37239, 3.785)
repeated: 
3983 (0.12, 5.38971, 3.81827)
4357 (0.12, 5.38971, 3.81827)
repeated: 
3984 (0.12, 5.40407, 3.85293)
4356 (0.12, 5.40407, 3.85293)
repeated: 
3985 (0.12, 5.41535, 3.88871)
4355 (0.12, 5.41535, 3.88871)
repeated: 
3986 (0.12, 5.42347, 3.92533)
4354 (0.12, 5.42347, 3.92533)
repeated: 
3987 (0.12, 5.42836, 3.96252)
4353 (0.12, 5.42836, 3.96252)
repeated: 
3988 (0.12, 5.43, 4)
4352 (0.12, 5.43, 4)
repeated: 
3989 (0.12, 5.42836, 4.03748)
4351 (0.12, 5.42836, 4.03748)
repeated: 
3990 (0.12, 5.42347, 4.07467)
4350 (0.12, 5.42347, 4.07467)
repeated: 
3991 (0.12, 5.41535, 4.11129)
4349 (0.12, 5.41535, 4.11129)
repeated: 
3992 (0.12, 5.40407, 4.14707)
4348 (0.12, 5.40407, 4.14707)
repeated: 
3993 (0.12, 5.38971, 4.18173)
4347 (0.12, 5.38971, 4.18173)
repeated: 
3994 (0.12, 5.37239, 4.215)
4346 (0.12, 5.37239, 4.215)
repeated: 
3995 (0.12, 5.35224, 4.24664)
4345 (0.12, 5.35224, 4.24664)
repeated: 
3996 (0.12, 5.3294, 4.2764)
4344 (0.12, 5.3294, 4.2764)
repeated: 
3997 (0.12, 5.30406, 4.30406)
4343 (0.12, 5.30406, 4.30406)
repeated: 
3998 (0.12, 5.2764, 4.3294)
4342 (0.12, 5.2764, 4.3294)
repeated: 
3999 (0.12, 5.24664, 4.35224)
4341 (0.12, 5.24664, 4.35224)
repeated: 
4000 (0.12, 5.215, 4.37239)
4340 (0.12, 5.215, 4.37239)
repeated: 
4001 (0.12, 5.18173, 4.38971)
4339 (0.12, 5.18173, 4.38971)
repeated: 
4002 (0.12, 5.14707, 4.40407)
4338 (0.12, 5.14707, 4.40407)
repeated: 
4003 (0.12, 5.11129, 4.41535)
4337 (0.12, 5.11129, 4.41535)
repeated: 
4004 (0.12, 5.07467, 4.42347)
4336 (0.12, 5.07467, 4.42347)
repeated: 
4005 (0.12, 5.03748, 4.42836)
4335 (0.12, 5.03748, 4.42836)
repeated: 
4006 (0.12, 5, 4.43)
4101 (0.12, 5, 4.43)
4334 (0.12, 5, 4.43)
4535 (0.12, 5, 4.43)
4691 (0.12, 5, 4.43)
repeated: 
4007 (0.12, 4.96252, 4.42836)
4102 (0.12, 4.96252, 4.42836)
4333 (0.12, 4.96252, 4.42836)
4692 (0.12, 4.96252, 4.42836)
repeated: 
4008 (0.12, 4.92533, 4.42347)
4170 (0.12, 4.92533, 4.42347)
4332 (0.12, 4.92533, 4.42347)
4693 (0.12, 4.92533, 4.42347)
repeated: 
4009 (0.12, 4.88871, 4.41535)
4169 (0.12, 4.88871, 4.41535)
4331 (0.12, 4.88871, 4.41535)
4694 (0.12, 4.88871, 4.41535)
repeated: 
4010 (0.12, 4.85293, 4.40407)
4168 (0.12, 4.85293, 4.40407)
4330 (0.12, 4.85293, 4.40407)
4695 (0.12, 4.85293, 4.40407)
repeated: 
4011 (0.12, 4.81827, 4.38971)
4167 (0.12, 4.81827, 4.38971)
4329 (0.12, 4.81827, 4.38971)
4696 (0.12, 4.81827, 4.38971)
repeated: 
4012 (0.12, 4.785, 4.37239)
4166 (0.12, 4.785, 4.37239)
4328 (0.12, 4.785, 4.37239)
4697 (0.12, 4.785, 4.37239)
repeated: 
4013 (0.12, 4.75336, 4.35224)
4165 (0.12, 4.75336, 4.35224)
4327 (0.12, 4.75336, 4.35224)
4698 (0.12, 4.75336, 4.35224)
repeated: 
4014 (0.12, 4.7236, 4.3294)
4164 (0.12, 4.7236, 4.3294)
4326 (0.12, 4.7236, 4.3294)
4699 (0.12, 4.7236, 4.3294)
repeated: 
4015 (0.12, 4.69594, 4.30406)
4163 (0.12, 4.69594, 4.30406)
4325 (0.12, 4.69594, 4.30406)
4700 (0.12, 4.69594, 4.30406)
repeated: 
4016 (0.12, 4.6706, 4.2764)
4162 (0.12, 4.6706, 4.2764)
4324 (0.12, 4.6706, 4.2764)
4701 (0.12, 4.6706, 4.2764)
repeated: 
4017 (0.12, 4.64776, 4.24664)
4161 (0.12, 4.64776, 4.24664)
4323 (0.12, 4.64776, 4.24664)
4702 (0.12, 4.64776, 4.24664)
repeated: 
4018 (0.12, 4.62761, 4.215)
4160 (0.12, 4.62761, 4.215)
4322 (0.12, 4.62761, 4.215)
4703 (0.12, 4.62761, 4.215)
repeated: 
4019 (0.12, 4.61029, 4.18173)
4159 (0.12, 4.61029, 4.18173)
4321 (0.12, 4.61029, 4.18173)
4704 (0.12, 4.61029, 4.18173)
repeated: 
4020 (0.12, 4.59593, 4.14707)
4158 (0.12, 4.59593, 4.14707)
4320 (0.12, 4.59593, 4.14707)
4705 (0.12, 4.59593, 4.14707)
repeated: 
4021 (0.12, 4.58465, 4.11129)
4157 (0.12, 4.58465, 4.11129)
4319 (0.12, 4.58465, 4.11129)
4706 (0.12, 4.58465, 4.11129)
repeated: 
4022 (0.12, 4.57653, 4.07467)
4156 (0.12, 4.57653, 4.07467)
4317 (0.12, 4.57653, 4.07467)
4707 (0.12, 4.57653, 4.07467)
repeated: 
4025 (0.1, 5, 3.57)
4499 (0.1, 5, 3.57)
4615 (0.1, 5, 3.57)
repeated: 
4026 (0.1, 4.96252, 3.57164)
4654 (0.1, 4.96252, 3.57164)
repeated: 
4027 (0.1, 5, 3.54)
4498 (0.1, 5, 3.54)
repeated: 
4028 (0.12, 5, 3.54)
4573 (0.12, 5, 3.54)
repeated: 
4029 (0.1, 5, 4.46)
4462 (0.1, 5, 4.46)
repeated: 
4031 (0.1, 5, 4.43)
4461 (0.1, 5, 4.43)
4617 (0.1, 5, 4.43)
repeated: 
4032 (0.1, 4.96252, 4.42836)
4618 (0.1, 4.96252, 4.42836)
repeated: 
4033 (0.1, 4.92533, 4.42347)
4687 (0.1, 4.92533, 4.42347)
repeated: 
4034 (0.1, 4.88871, 4.41535)
4686 (0.1, 4.88871, 4.41535)
repeated: 
4035 (0.1, 4.85293, 4.40407)
4685 (0.1, 4.85293, 4.40407)
repeated: 
4036 (0.1, 4.81827, 4.38971)
4684 (0.1, 4.81827, 4.38971)
repeated: 
4037 (0.1, 4.785, 4.37239)
4683 (0.1, 4.785, 4.37239)
repeated: 
4038 (0.1, 4.75336, 4.35224)
4682 (0.1, 4.75336, 4.35224)
repeated: 
4039 (0.1, 4.7236, 4.3294)
4681 (0.1, 4.7236, 4.3294)
repeated: 
4040 (0.1, 4.69594, 4.30406)
4680 (0.1, 4.69594, 4.30406)
repeated: 
4041 (0.1, 4.6706, 4.2764)
4679 (0.1, 4.6706, 4.2764)
repeated: 
4042 (0.1, 4.64776, 4.24664)
4678 (0.1, 4.64776, 4.24664)
repeated: 
4043 (0.1, 4.62761, 4.215)
4677 (0.1, 4.62761, 4.215)
repeated: 
4044 (0.1, 4.61029, 4.18173)
4676 (0.1, 4.61029, 4.18173)
repeated: 
4045 (0.1, 4.59593, 4.14707)
4675 (0.1, 4.59593, 4.14707)
repeated: 
4046 (0.1, 4.58465, 4.11129)
4674 (0.1, 4.58465, 4.11129)
repeated: 
4047 (0.1, 4.57653, 4.07467)
4673 (0.1, 4.57653, 4.07467)
repeated: 
4048 (0.1, 4.57164, 4.03748)
4672 (0.1, 4.57164, 4.03748)
repeated: 
4049 (0.1, 4.57, 4)
4671 (0.1, 4.57, 4)
repeated: 
4050 (0.1, 4.57164, 3.96252)
4670 (0.1, 4.57164, 3.96252)
repeated: 
4051 (0.1, 4.57653, 3.92533)
4669 (0.1, 4.57653, 3.92533)
repeated: 
4052 (0.1, 4.58465, 3.88871)
4668 (0.1, 4.58465, 3.88871)
repeated: 
4053 (0.1, 4.59593, 3.85293)
4667 (0.1, 4.59593, 3.85293)
repeated: 
4054 (0.1, 4.61029, 3.81827)
4666 (0.1, 4.61029, 3.81827)
repeated: 
4055 (0.1, 4.62761, 3.785)
4665 (0.1, 4.62761, 3.785)
repeated: 
4056 (0.1, 4.64776, 3.75336)
4664 (0.1, 4.64776, 3.75336)
repeated: 
4057 (0.1, 4.6706, 3.7236)
4663 (0.1, 4.6706, 3.7236)
repeated: 
4058 (0.1, 4.69594, 3.69594)
4662 (0.1, 4.69594, 3.69594)
repeated: 
4059 (0.1, 4.7236, 3.6706)
4661 (0.1, 4.7236, 3.6706)
repeated: 
4060 (0.1, 4.75336, 3.64776)
4660 (0.1, 4.75336, 3.64776)
repeated: 
4061 (0.1, 4.785, 3.62761)
4659 (0.1, 4.785, 3.62761)
repeated: 
4062 (0.1, 4.81827, 3.61029)
4658 (0.1, 4.81827, 3.61029)
repeated: 
4063 (0.1, 4.85293, 3.59593)
4657 (0.1, 4.85293, 3.59593)
repeated: 
4064 (0.1, 4.88871, 3.58465)
4656 (0.1, 4.88871, 3.58465)
repeated: 
4065 (0.1, 4.92533, 3.57653)
4655 (0.1, 4.92533, 3.57653)
repeated: 
4103 (0.12, 5, 4.46)
4537 (0.12, 5, 4.46)
repeated: 
4387 (0.12, 4.61, 4)
4742 (0.12, 4.61, 4)
4760 (0.12, 4.61, 4)
repeated: 
4388 (0.12, 4.61148, 4.03399)
4743 (0.12, 4.61148, 4.03399)
4762 (0.12, 4.61148, 4.03399)
repeated: 
4389 (0.12, 4.61148, 3.96601)
4741 (0.12, 4.61148, 3.96601)
4834 (0.12, 4.61148, 3.96601)
repeated: 
4390 (0.12, 4.61592, 3.93228)
4740 (0.12, 4.61592, 3.93228)
4902 (0.12, 4.61592, 3.93228)
repeated: 
4391 (0.12, 4.62329, 3.89906)
4739 (0.12, 4.62329, 3.89906)
4901 (0.12, 4.62329, 3.89906)
repeated: 
4392 (0.12, 4.63352, 3.86661)
4738 (0.12, 4.63352, 3.86661)
4900 (0.12, 4.63352, 3.86661)
repeated: 
4393 (0.12, 4.64654, 3.83518)
4737 (0.12, 4.64654, 3.83518)
4899 (0.12, 4.64654, 3.83518)
repeated: 
4394 (0.12, 4.66225, 3.805)
4736 (0.12, 4.66225, 3.805)
4898 (0.12, 4.66225, 3.805)
repeated: 
4395 (0.12, 4.68053, 3.77631)
4735 (0.12, 4.68053, 3.77631)
4897 (0.12, 4.68053, 3.77631)
repeated: 
4396 (0.12, 4.70124, 3.74931)
4734 (0.12, 4.70124, 3.74931)
4896 (0.12, 4.70124, 3.74931)
repeated: 
4397 (0.12, 4.72423, 3.72423)
4733 (0.12, 4.72423, 3.72423)
4895 (0.12, 4.72423, 3.72423)
repeated: 
4398 (0.12, 4.74931, 3.70124)
4732 (0.12, 4.74931, 3.70124)
4894 (0.12, 4.74931, 3.70124)
repeated: 
4399 (0.12, 4.77631, 3.68053)
4731 (0.12, 4.77631, 3.68053)
4893 (0.12, 4.77631, 3.68053)
repeated: 
4400 (0.12, 4.805, 3.66225)
4730 (0.12, 4.805, 3.66225)
4892 (0.12, 4.805, 3.66225)
repeated: 
4401 (0.12, 4.83518, 3.64654)
4729 (0.12, 4.83518, 3.64654)
4891 (0.12, 4.83518, 3.64654)
repeated: 
4402 (0.12, 4.86661, 3.63352)
4728 (0.12, 4.86661, 3.63352)
4890 (0.12, 4.86661, 3.63352)
repeated: 
4403 (0.12, 4.89906, 3.62329)
4727 (0.12, 4.89906, 3.62329)
4889 (0.12, 4.89906, 3.62329)
repeated: 
4404 (0.12, 4.93228, 3.61592)
4688 (0.12, 4.93228, 3.61592)
4888 (0.12, 4.93228, 3.61592)
repeated: 
4405 (0.12, 4.96601, 3.61148)
4612 (0.12, 4.96601, 3.61148)
4887 (0.12, 4.96601, 3.61148)
repeated: 
4406 (0.12, 5, 3.61)
4575 (0.12, 5, 3.61)
4611 (0.12, 5, 3.61)
4886 (0.12, 5, 3.61)
repeated: 
4407 (0.12, 5.03399, 3.61148)
4576 (0.12, 5.03399, 3.61148)
4885 (0.12, 5.03399, 3.61148)
repeated: 
4408 (0.12, 5.06772, 3.61592)
4577 (0.12, 5.06772, 3.61592)
4884 (0.12, 5.06772, 3.61592)
repeated: 
4409 (0.12, 5.10094, 3.62329)
4578 (0.12, 5.10094, 3.62329)
4883 (0.12, 5.10094, 3.62329)
repeated: 
4410 (0.12, 5.13339, 3.63352)
4579 (0.12, 5.13339, 3.63352)
4882 (0.12, 5.13339, 3.63352)
repeated: 
4411 (0.12, 5.16482, 3.64654)
4580 (0.12, 5.16482, 3.64654)
4881 (0.12, 5.16482, 3.64654)
repeated: 
4412 (0.12, 5.195, 3.66225)
4581 (0.12, 5.195, 3.66225)
4880 (0.12, 5.195, 3.66225)
repeated: 
4413 (0.12, 5.22369, 3.68053)
4582 (0.12, 5.22369, 3.68053)
4879 (0.12, 5.22369, 3.68053)
repeated: 
4414 (0.12, 5.25069, 3.70124)
4583 (0.12, 5.25069, 3.70124)
4878 (0.12, 5.25069, 3.70124)
repeated: 
4415 (0.12, 5.27577, 3.72423)
4584 (0.12, 5.27577, 3.72423)
4877 (0.12, 5.27577, 3.72423)
repeated: 
4416 (0.12, 5.29876, 3.74931)
4585 (0.12, 5.29876, 3.74931)
4876 (0.12, 5.29876, 3.74931)
repeated: 
4417 (0.12, 5.31947, 3.77631)
4586 (0.12, 5.31947, 3.77631)
4875 (0.12, 5.31947, 3.77631)
repeated: 
4418 (0.12, 5.33775, 3.805)
4587 (0.12, 5.33775, 3.805)
4874 (0.12, 5.33775, 3.805)
repeated: 
4419 (0.12, 5.35346, 3.83518)
4588 (0.12, 5.35346, 3.83518)
4873 (0.12, 5.35346, 3.83518)
repeated: 
4420 (0.12, 5.36648, 3.86661)
4589 (0.12, 5.36648, 3.86661)
4872 (0.12, 5.36648, 3.86661)
repeated: 
4421 (0.12, 5.37671, 3.89906)
4590 (0.12, 5.37671, 3.89906)
4871 (0.12, 5.37671, 3.89906)
repeated: 
4422 (0.12, 5.38408, 3.93228)
4591 (0.12, 5.38408, 3.93228)
4870 (0.12, 5.38408, 3.93228)
repeated: 
4423 (0.12, 5.38852, 3.96601)
4592 (0.12, 5.38852, 3.96601)
4869 (0.12, 5.38852, 3.96601)
repeated: 
4424 (0.12, 5.39, 4)
4593 (0.12, 5.39, 4)
4868 (0.12, 5.39, 4)
repeated: 
4425 (0.12, 5.38852, 4.03399)
4594 (0.12, 5.38852, 4.03399)
4867 (0.12, 5.38852, 4.03399)
repeated: 
4426 (0.12, 5.38408, 4.06772)
4595 (0.12, 5.38408, 4.06772)
4866 (0.12, 5.38408, 4.06772)
repeated: 
4427 (0.12, 5.37671, 4.10094)
4596 (0.12, 5.37671, 4.10094)
4865 (0.12, 5.37671, 4.10094)
repeated: 
4428 (0.12, 5.36648, 4.13339)
4597 (0.12, 5.36648, 4.13339)
4864 (0.12, 5.36648, 4.13339)
repeated: 
4429 (0.12, 5.35346, 4.16482)
4598 (0.12, 5.35346, 4.16482)
4863 (0.12, 5.35346, 4.16482)
repeated: 
4430 (0.12, 5.33775, 4.195)
4599 (0.12, 5.33775, 4.195)
4862 (0.12, 5.33775, 4.195)
repeated: 
4431 (0.12, 5.31947, 4.22369)
4600 (0.12, 5.31947, 4.22369)
4861 (0.12, 5.31947, 4.22369)
repeated: 
4432 (0.12, 5.29876, 4.25069)
4601 (0.12, 5.29876, 4.25069)
4860 (0.12, 5.29876, 4.25069)
repeated: 
4433 (0.12, 5.27577, 4.27577)
4602 (0.12, 5.27577, 4.27577)
4859 (0.12, 5.27577, 4.27577)
repeated: 
4434 (0.12, 5.25069, 4.29876)
4603 (0.12, 5.25069, 4.29876)
4858 (0.12, 5.25069, 4.29876)
repeated: 
4435 (0.12, 5.22369, 4.31947)
4604 (0.12, 5.22369, 4.31947)
4857 (0.12, 5.22369, 4.31947)
repeated: 
4436 (0.12, 5.195, 4.33775)
4605 (0.12, 5.195, 4.33775)
4856 (0.12, 5.195, 4.33775)
repeated: 
4437 (0.12, 5.16482, 4.35346)
4606 (0.12, 5.16482, 4.35346)
4855 (0.12, 5.16482, 4.35346)
repeated: 
4438 (0.12, 5.13339, 4.36648)
4607 (0.12, 5.13339, 4.36648)
4854 (0.12, 5.13339, 4.36648)
repeated: 
4439 (0.12, 5.10094, 4.37671)
4608 (0.12, 5.10094, 4.37671)
4853 (0.12, 5.10094, 4.37671)
repeated: 
4440 (0.12, 5.06772, 4.38408)
4609 (0.12, 5.06772, 4.38408)
4852 (0.12, 5.06772, 4.38408)
repeated: 
4441 (0.12, 5.03399, 4.38852)
4610 (0.12, 5.03399, 4.38852)
4851 (0.12, 5.03399, 4.38852)
repeated: 
4442 (0.12, 5, 4.39)
4536 (0.12, 5, 4.39)
4689 (0.12, 5, 4.39)
4850 (0.12, 5, 4.39)
repeated: 
4443 (0.12, 4.96601, 4.38852)
4690 (0.12, 4.96601, 4.38852)
4849 (0.12, 4.96601, 4.38852)
repeated: 
4444 (0.12, 4.93228, 4.38408)
4758 (0.12, 4.93228, 4.38408)
4848 (0.12, 4.93228, 4.38408)
repeated: 
4445 (0.12, 4.89906, 4.37671)
4757 (0.12, 4.89906, 4.37671)
4847 (0.12, 4.89906, 4.37671)
repeated: 
4446 (0.12, 4.86661, 4.36648)
4756 (0.12, 4.86661, 4.36648)
4846 (0.12, 4.86661, 4.36648)
repeated: 
4447 (0.12, 4.83518, 4.35346)
4755 (0.12, 4.83518, 4.35346)
4845 (0.12, 4.83518, 4.35346)
repeated: 
4448 (0.12, 4.805, 4.33775)
4754 (0.12, 4.805, 4.33775)
4844 (0.12, 4.805, 4.33775)
repeated: 
4449 (0.12, 4.77631, 4.31947)
4753 (0.12, 4.77631, 4.31947)
4843 (0.12, 4.77631, 4.31947)
repeated: 
4450 (0.12, 4.74931, 4.29876)
4752 (0.12, 4.74931, 4.29876)
4842 (0.12, 4.74931, 4.29876)
repeated: 
4451 (0.12, 4.72423, 4.27577)
4751 (0.12, 4.72423, 4.27577)
4841 (0.12, 4.72423, 4.27577)
repeated: 
4452 (0.12, 4.70124, 4.25069)
4750 (0.12, 4.70124, 4.25069)
4840 (0.12, 4.70124, 4.25069)
repeated: 
4453 (0.12, 4.68053, 4.22369)
4749 (0.12, 4.68053, 4.22369)
4839 (0.12, 4.68053, 4.22369)
repeated: 
4454 (0.12, 4.66225, 4.195)
4748 (0.12, 4.66225, 4.195)
4838 (0.12, 4.66225, 4.195)
repeated: 
4455 (0.12, 4.64654, 4.16482)
4747 (0.12, 4.64654, 4.16482)
4837 (0.12, 4.64654, 4.16482)
repeated: 
4456 (0.12, 4.63352, 4.13339)
4746 (0.12, 4.63352, 4.13339)
4836 (0.12, 4.63352, 4.13339)
repeated: 
4457 (0.12, 4.62329, 4.10094)
4745 (0.12, 4.62329, 4.10094)
4835 (0.12, 4.62329, 4.10094)
repeated: 
4458 (0.12, 4.61592, 4.06772)
4744 (0.12, 4.61592, 4.06772)
4833 (0.12, 4.61592, 4.06772)
repeated: 
4459 (0.1, 5, 4.39)
4619 (0.1, 5, 4.39)
repeated: 
4500 (0.1, 5, 3.61)
4613 (0.1, 5, 3.61)
repeated vertices count: 928
